0.0 0.0 69.6 69.8 1304.0 656.0 671.0 1080.0 868.0 556.0 51.0 0.0 0.0 0.0 0.0
0.0 0.0 69.7 69.8 1320.0 668.0 666.0 1072.0 876.0 584.0 63.0 0.0 0.0 0.0 0.0
0.0 0.0 69.7 69.9 1320.0 668.0 666.0 1072.0 877.0 575.0 47.0 0.0 0.0 0.0 0.0
0.0 0.0 69.7 69.8 1320.0 668.0 665.0 1073.0 876.0 576.0 52.0 0.0 0.0 0.0 0.0
0.0 0.0 69.7 70.5 1319.0 668.0 666.0 1073.0 876.0 581.0 49.0 0.0 0.0 0.0 0.0
0.0 0.0 69.5 69.9 1320.0 668.0 667.0 1076.0 876.0 580.0 52.0 0.0 0.0 0.0 0.0
0.0 0.0 69.6 69.8 1320.0 668.0 667.0 1075.0 876.0 582.0 51.0 0.0 0.0 0.0 0.0
0.0 0.0 69.7 69.8 1320.0 668.0 667.0 1072.0 876.0 568.0 71.0 0.0 0.0 0.0 0.0
0.0 0.0 69.7 69.9 1320.0 668.0 667.0 1073.0 876.0 552.0 52.0 0.0 0.0 0.0 0.0
0.0 0.0 69.8 69.9 1320.0 668.0 666.0 1076.0 876.0 501.0 47.0 1.0 0.0 0.0 0.0
0.0 0.0 69.7 69.9 1318.0 668.0 667.0 1076.0 876.0 462.0 63.0 0.0 0.0 0.0 0.0
0.0 0.0 69.6 69.9 1318.0 668.0 666.0 1076.0 876.0 580.0 53.0 0.0 0.0 0.0 0.0
0.0 0.0 69.7 69.9 1317.0 668.0 665.0 1075.0 876.0 575.0 51.0 0.0 0.0 0.0 0.0
0.0 0.0 69.5 69.9 1318.0 668.0 666.0 1076.0 876.0 579.0 48.0 0.0 0.0 0.0 0.0
0.0 0.0 69.7 69.9 1316.0 668.0 666.0 1076.0 876.0 581.0 52.0 0.0 0.0 0.0 0.0
0.0 0.0 69.7 69.8 1316.0 668.0 666.0 1076.0 876.0 576.0 47.0 0.0 0.0 0.0 0.0
0.0 0.0 69.6 69.8 1316.0 668.0 666.0 1076.0 876.0 583.0 47.0 1.0 0.0 0.0 0.0
0.0 0.0 69.6 69.9 1316.0 667.0 666.0 1076.0 876.0 579.0 52.0 128.0 0.0 0.0 0.0
0.0 0.0 69.7 69.8 1316.0 665.0 665.0 1076.0 876.0 572.0 52.0 0.0 0.0 0.0 0.0
0.0 0.0 69.7 69.9 1316.0 664.0 666.0 1076.0 876.0 579.0 26.0 0.0 0.0 0.0 0.0
0.0 0.0 69.8 69.9 1316.0 664.0 666.0 1076.0 876.0 577.0 52.0 0.0 0.0 0.0 0.0
0.0 0.0 69.7 70.0 1316.0 664.0 674.0 4.0 876.0 556.0 54.0 0.0 0.0 0.0 0.0
0.0 0.0 69.7 69.9 1316.0 664.0 665.0 4.0 876.0 575.0 52.0 0.0 0.0 0.0 0.0
0.0 0.0 69.7 69.9 1316.0 664.0 666.0 1076.0 875.0 576.0 52.0 0.0 0.0 0.0 0.0
0.0 0.0 69.7 69.9 1316.0 664.0 666.0 1075.0 875.0 576.0 48.0 0.0 0.0 0.0 0.0
0.0 0.0 69.5 69.8 1316.0 664.0 666.0 1076.0 873.0 568.0 32.0 0.0 0.0 0.0 0.0
0.0 0.0 69.7 69.8 1316.0 664.0 666.0 1076.0 876.0 465.0 51.0 1.0 0.0 0.0 0.0
0.0 0.0 69.7 69.9 1316.0 664.0 667.0 1076.0 876.0 472.0 54.0 1.0 0.0 0.0 0.0
0.0 0.0 69.7 69.8 1316.0 664.0 666.0 1076.0 876.0 579.0 52.0 0.0 0.0 0.0 0.0
0.0 0.0 69.6 69.8 1316.0 664.0 666.0 1076.0 876.0 577.0 47.0 0.0 0.0 0.0 0.0
0.0 0.0 69.6 69.9 1316.0 664.0 675.0 1076.0 876.0 557.0 52.0 0.0 0.0 0.0 0.0
0.0 0.0 69.7 69.8 1315.0 664.0 666.0 1076.0 875.0 579.0 51.0 0.0 0.0 0.0 0.0
0.0 0.0 69.7 69.8 1315.0 664.0 666.0 1076.0 876.0 578.0 52.0 1.0 0.0 0.0 0.0
0.0 0.0 69.7 69.9 1312.0 664.0 666.0 1076.0 874.0 575.0 51.0 0.0 0.0 0.0 0.0
0.0 0.0 69.6 69.8 1312.0 664.0 666.0 1076.0 873.0 579.0 51.0 0.0 0.0 0.0 0.0
0.0 0.0 69.6 69.8 1312.0 664.0 665.0 1076.0 874.0 576.0 52.0 1.0 0.0 0.0 0.0
0.0 0.0 69.7 69.8 1312.0 664.0 671.0 1076.0 874.0 564.0 55.0 1.0 0.0 0.0 0.0
0.0 0.0 69.8 69.9 1312.0 664.0 666.0 1076.0 873.0 579.0 52.0 1.0 0.0 0.0 0.0
0.0 0.0 69.7 69.9 1312.0 664.0 665.0 1076.0 874.0 576.0 52.0 0.0 0.0 0.0 0.0
0.0 0.0 69.7 69.9 1312.0 664.0 665.0 1076.0 872.0 577.0 58.0 0.0 0.0 0.0 0.0
0.0 0.0 69.7 69.8 1312.0 664.0 666.0 1076.0 872.0 578.0 52.0 2.0 0.0 0.0 0.0
0.0 0.0 69.7 69.7 1312.0 664.0 665.0 1079.0 872.0 576.0 52.0 0.0 0.0 0.0 0.0
0.0 0.0 69.6 70.0 1312.0 664.0 666.0 1078.0 872.0 580.0 51.0 0.0 0.0 0.0 0.0
0.0 0.0 69.6 69.8 1312.0 664.0 666.0 1076.0 872.0 579.0 51.0 1.0 0.0 0.0 0.0
0.0 0.0 69.7 69.9 1312.0 664.0 665.0 1077.0 873.0 576.0 51.0 0.0 0.0 0.0 0.0
0.0 0.0 69.8 69.9 1312.0 662.0 667.0 1078.0 872.0 554.0 53.0 1.0 0.0 0.0 0.0
0.0 0.0 69.7 69.8 1312.0 660.0 666.0 1076.0 872.0 573.0 48.0 1.0 0.0 0.0 0.0
0.0 0.0 69.7 69.8 1312.0 661.0 666.0 1079.0 873.0 568.0 48.0 0.0 0.0 0.0 0.0
0.0 0.0 69.7 69.9 1312.0 661.0 675.0 1077.0 872.0 488.0 55.0 1.0 0.0 0.0 0.0
0.0 0.0 69.7 69.9 1312.0 660.0 666.0 1078.0 872.0 465.0 52.0 1.0 0.0 0.0 0.0
0.0 0.0 69.7 69.7 1312.0 660.0 665.0 1079.0 872.0 577.0 48.0 1.0 0.0 0.0 0.0
0.0 0.0 69.7 69.9 1312.0 660.0 666.0 1080.0 872.0 580.0 53.0 0.0 0.0 0.0 0.0
0.0 0.0 69.6 69.9 1312.0 660.0 666.0 1080.0 872.0 579.0 52.0 0.0 0.0 0.0 0.0
0.0 0.0 69.6 69.8 1312.0 660.0 665.0 1079.0 872.0 574.0 50.0 1.0 0.0 0.0 0.0
0.0 0.0 69.7 69.9 1312.0 660.0 665.0 1080.0 872.0 590.0 76.0 0.0 0.0 0.0 0.0
0.0 0.0 69.6 69.9 1312.0 660.0 666.0 1080.0 872.0 573.0 52.0 0.0 0.0 0.0 0.0
0.0 0.0 69.7 69.8 1312.0 660.0 664.0 1080.0 872.0 572.0 48.0 1.0 0.0 0.0 0.0
0.0 0.0 69.6 69.9 1312.0 660.0 666.0 1080.0 872.0 579.0 45.0 0.0 0.0 0.0 0.0
0.0 0.0 69.7 69.9 1312.0 660.0 666.0 1080.0 872.0 577.0 52.0 1.0 0.0 0.0 0.0
0.0 0.0 69.7 69.9 1312.0 660.0 657.0 1080.0 872.0 570.0 53.0 1.0 0.0 0.0 0.0
0.0 0.0 69.6 69.8 1310.0 660.0 665.0 1080.0 872.0 579.0 52.0 0.0 0.0 0.0 0.0
0.0 0.0 69.7 69.8 1310.0 660.0 665.0 1080.0 872.0 578.0 52.0 0.0 0.0 0.0 0.0
0.0 0.0 69.8 69.9 1308.0 660.0 658.0 1080.0 872.0 568.0 53.0 0.0 0.0 0.0 0.0
0.0 0.0 69.6 69.9 1308.0 660.0 665.0 1080.0 872.0 580.0 48.0 1.0 0.0 0.0 0.0
0.0 0.0 69.7 69.8 1308.0 660.0 665.0 1080.0 872.0 575.0 52.0 0.0 0.0 0.0 0.0
0.0 0.0 69.5 69.8 1308.0 660.0 666.0 1080.0 872.0 543.0 53.0 0.0 0.0 0.0 0.0
0.0 0.0 69.7 69.8 1308.0 660.0 665.0 1080.0 872.0 578.0 52.0 1.0 0.0 0.0 0.0
0.0 0.0 69.7 69.8 1308.0 660.0 665.0 1080.0 872.0 575.0 51.0 1.0 0.0 0.0 0.0
0.0 0.0 69.7 69.9 1308.0 660.0 674.0 1080.0 872.0 557.0 54.0 0.0 0.0 0.0 0.0
0.0 0.0 69.5 70.0 1308.0 660.0 665.0 -31560.0 872.0 574.0 52.0 1.0 0.0 0.0 0.0
0.0 0.0 69.7 69.8 1308.0 660.0 666.0 1080.0 871.0 464.0 52.0 0.0 0.0 0.0 0.0
0.0 0.0 69.7 69.9 1308.0 660.0 671.0 1080.0 871.0 485.0 55.0 0.0 0.0 0.0 0.0
0.0 0.0 69.7 69.8 1308.0 660.0 665.0 1080.0 871.0 580.0 51.0 2.0 0.0 0.0 0.0
0.0 0.0 69.8 69.9 1308.0 660.0 665.0 1080.0 871.0 577.0 50.0 0.0 0.0 0.0 0.0
0.0 0.0 69.7 69.8 1308.0 660.0 665.0 1080.0 871.0 571.0 51.0 1.0 0.0 0.0 0.0
0.0 0.0 69.5 69.8 1308.0 660.0 665.0 1080.0 870.0 580.0 51.0 1.0 0.0 0.0 0.0
0.0 0.0 69.6 69.8 1308.0 660.0 664.0 1080.0 869.0 574.0 52.0 0.0 0.0 0.0 0.0
0.0 0.0 69.7 69.7 1308.0 660.0 665.0 1080.0 868.0 577.0 63.0 0.0 0.0 0.0 0.0
0.0 0.0 69.7 69.8 1308.0 660.0 665.0 1080.0 868.0 580.0 52.0 0.0 0.0 0.0 0.0
0.0 0.0 69.7 69.8 1308.0 658.0 666.0 1080.0 868.0 578.0 52.0 0.0 0.0 0.0 0.0
0.0 0.0 69.7 69.8 1308.0 660.0 665.0 1080.0 869.0 581.0 63.0 2.0 0.0 0.0 0.0
0.0 0.0 69.7 69.8 1308.0 658.0 665.0 1080.0 869.0 577.0 52.0 0.0 0.0 0.0 0.0
0.0 0.0 69.7 70.0 1308.0 656.0 663.0 1080.0 870.0 571.0 52.0 0.0 0.0 0.0 0.0
0.0 0.0 69.7 69.8 1308.0 656.0 665.0 1080.0 868.0 578.0 48.0 0.0 0.0 0.0 0.0
0.0 0.0 69.7 69.9 1308.0 656.0 665.0 1080.0 870.0 577.0 52.0 0.0 0.0 0.0 0.0
0.0 0.0 69.7 69.8 5.0 656.0 665.0 1080.0 868.0 555.0 54.0 0.0 0.0 0.0 0.0
0.0 0.0 69.7 69.8 1308.0 656.0 665.0 1080.0 868.0 575.0 51.0 0.0 0.0 0.0 0.0
0.0 0.0 69.6 69.8 1308.0 656.0 665.0 1080.0 868.0 577.0 48.0 1.0 0.0 0.0 0.0
0.0 0.0 69.7 69.9 1308.0 656.0 665.0 1080.0 869.0 577.0 52.0 0.0 0.0 0.0 0.0
0.0 0.0 69.8 69.8 1308.0 656.0 665.0 1080.0 869.0 577.0 52.0 1.0 0.0 0.0 0.0
0.0 0.0 69.7 69.8 1308.0 656.0 665.0 1080.0 868.0 577.0 51.0 0.0 0.0 0.0 0.0
0.0 0.0 69.8 69.8 1308.0 656.0 663.0 1080.0 868.0 570.0 53.0 0.0 0.0 0.0 0.0
0.0 0.0 69.7 69.8 1308.0 656.0 664.0 1080.0 868.0 573.0 48.0 0.0 0.0 0.0 0.0
0.0 0.0 69.6 69.8 1307.0 656.0 665.0 1080.0 868.0 557.0 47.0 0.0 0.0 0.0 0.0
0.0 0.0 69.6 69.8 1307.0 656.0 657.0 1082.0 868.0 497.0 48.0 0.0 0.0 0.0 0.0
0.0 0.0 69.7 69.8 1306.0 656.0 666.0 1080.0 868.0 465.0 32.0 1.0 0.0 0.0 0.0
0.0 0.0 69.6 69.8 1306.0 656.0 665.0 1080.0 868.0 466.0 53.0 0.0 0.0 0.0 0.0
0.0 0.0 69.7 69.8 1304.0 656.0 665.0 1080.0 868.0 460.0 54.0 0.0 0.0 0.0 0.0
0.0 0.0 69.6 69.7 1304.0 656.0 665.0 1080.0 868.0 576.0 53.0 1.0 0.0 0.0 0.0
0.0 0.0 69.6 69.8 1304.0 656.0 665.0 1081.0 868.0 569.0 52.0 1.0 0.0 0.0 0.0
